nb_jobs nb_machines nb_scenarios
20 5 100
Times
26 8 51 49 46 
45 74 71 46 68 
92 39 93 14 41 
75 64 9 84 23 
13 22 23 23 85 
92 53 43 42 6 
51 58 33 35 28 
30 44 34 16 47 
75 69 85 43 23 
70 60 61 43 72 
74 32 9 47 21 
91 9 32 46 31 
84 68 10 87 33 
102 108 49 97 48 
5 53 67 47 56 
1 95 72 65 30 
40 14 21 94 60 
71 67 88 48 73 
64 56 12 84 70 
10 7 89 48 39 

32 7 44 66 43 
43 71 64 40 64 
87 41 84 15 34 
84 62 7 78 20 
16 22 22 26 89 
87 49 46 49 5 
47 70 35 31 26 
33 44 32 20 25 
74 87 82 37 24 
91 62 58 42 90 
88 34 6 58 19 
90 11 33 43 31 
87 78 10 92 37 
103 110 59 109 49 
7 60 67 57 52 
2 87 82 67 25 
44 18 11 94 51 
81 68 89 47 77 
71 65 13 78 71 
16 7 70 53 49 

22 7 50 64 49 
42 73 83 40 74 
83 39 97 12 47 
83 68 7 83 25 
11 22 32 23 80 
80 43 48 48 3 
49 66 31 32 29 
30 43 32 25 23 
67 72 85 50 25 
97 59 65 47 90 
74 32 9 60 20 
91 10 27 48 34 
87 84 8 83 33 
101 108 60 96 47 
4 63 74 37 52 
1 86 62 71 25 
37 16 20 81 55 
63 75 89 43 82 
68 52 9 85 75 
8 8 81 33 46 

25 10 47 52 50 
39 80 62 48 76 
92 40 95 10 33 
81 69 9 86 21 
18 20 26 23 72 
88 52 44 48 3 
51 56 28 30 36 
33 42 31 17 32 
83 65 88 38 25 
76 56 57 46 80 
79 28 15 48 23 
91 10 22 45 28 
86 81 9 88 32 
88 88 52 95 32 
3 66 71 48 54 
2 86 72 60 21 
38 9 22 86 52 
96 72 76 44 73 
66 35 12 92 76 
9 5 72 58 53 

35 8 53 58 41 
39 75 72 42 78 
106 39 88 16 40 
70 72 13 85 21 
15 22 27 22 81 
78 40 50 42 4 
46 63 30 29 34 
33 47 31 17 43 
85 76 83 39 23 
81 61 68 47 94 
78 37 9 59 21 
89 11 34 49 29 
90 75 10 92 31 
104 111 62 106 39 
6 60 61 53 46 
3 94 76 66 24 
43 13 19 86 56 
72 73 87 54 78 
69 56 12 88 75 
11 5 81 44 40 

33 9 52 65 47 
49 77 63 41 73 
90 40 86 13 46 
83 68 12 71 23 
17 21 19 24 73 
82 42 48 48 6 
46 57 32 30 16 
36 46 34 11 27 
80 74 84 35 21 
78 63 67 45 86 
75 42 9 54 21 
94 10 27 47 35 
82 76 9 93 31 
100 116 54 93 49 
5 71 64 48 52 
1 89 75 63 28 
37 10 25 87 54 
89 76 84 47 78 
65 52 14 83 72 
13 4 78 53 47 

31 8 56 62 37 
46 71 85 51 75 
78 39 93 11 48 
78 74 8 93 24 
11 22 30 19 68 
83 35 50 52 7 
42 58 31 31 32 
35 50 32 17 37 
84 72 86 37 26 
87 64 69 50 90 
81 36 8 64 22 
89 9 37 46 38 
85 75 9 90 30 
90 86 43 101 35 
5 71 73 52 41 
1 97 72 56 22 
40 19 18 88 57 
79 82 93 60 81 
65 48 13 91 82 
18 7 69 51 48 

30 7 48 54 41 
45 73 75 41 64 
116 34 84 17 55 
80 82 9 79 25 
16 24 16 20 71 
66 60 44 54 3 
57 77 30 32 28 
30 47 31 14 43 
76 67 92 40 29 
107 57 58 48 88 
75 39 12 49 19 
81 10 30 44 31 
78 69 10 94 30 
100 95 51 90 52 
6 63 79 48 56 
2 91 57 66 34 
34 17 19 78 55 
87 78 100 51 74 
71 44 11 87 75 
15 6 84 51 39 

33 6 56 61 48 
41 73 62 62 74 
87 37 84 10 52 
84 88 11 82 23 
14 22 27 18 61 
66 57 42 58 8 
53 58 34 26 37 
29 40 33 21 44 
89 79 88 37 28 
80 61 62 49 90 
76 37 7 56 22 
97 12 28 49 33 
92 71 9 92 31 
102 101 49 105 47 
6 62 71 42 51 
2 89 86 60 21 
32 9 18 86 56 
80 72 91 49 76 
65 49 11 83 77 
11 8 71 44 34 

29 8 54 70 42 
43 75 65 44 70 
100 35 90 14 40 
78 78 11 95 19 
11 23 29 22 70 
64 58 44 48 9 
32 60 30 37 32 
26 47 33 20 30 
81 78 83 38 27 
82 61 57 47 80 
77 38 12 46 23 
92 10 30 46 28 
84 82 10 90 29 
92 99 67 89 32 
5 60 67 44 55 
1 80 77 67 22 
30 14 22 92 54 
77 74 86 53 81 
66 49 14 87 69 
11 6 79 49 52 

32 9 52 62 38 
44 77 73 50 69 
97 34 85 12 34 
81 71 10 88 22 
14 23 24 21 68 
93 53 49 48 7 
42 66 29 30 32 
38 47 31 21 43 
78 74 86 36 20 
88 57 58 46 77 
79 35 9 53 22 
91 10 27 49 32 
76 75 9 91 34 
95 112 52 89 36 
6 66 67 47 46 
2 94 59 68 21 
32 18 16 88 55 
86 74 91 51 81 
62 54 13 89 78 
8 6 81 53 48 

26 8 50 69 45 
44 74 67 45 59 
80 36 87 10 52 
91 67 7 97 23 
14 22 32 20 68 
84 52 49 42 5 
36 73 30 39 22 
28 52 32 24 33 
59 80 92 36 31 
83 56 56 43 89 
79 33 9 53 18 
91 10 33 45 25 
78 72 9 88 29 
95 93 57 95 40 
5 50 66 47 41 
2 86 78 65 28 
35 11 28 83 56 
80 77 79 45 81 
70 45 10 83 65 
11 8 75 40 40 

30 6 47 62 45 
41 74 69 35 70 
86 41 85 9 47 
82 65 9 89 19 
15 21 32 17 67 
90 50 50 47 4 
40 47 31 28 28 
38 51 31 17 31 
72 80 76 39 22 
83 59 64 47 80 
76 34 12 52 21 
91 11 34 51 28 
86 76 10 84 36 
96 86 61 91 46 
6 68 72 49 57 
2 106 64 60 22 
36 9 20 88 54 
75 76 82 48 78 
64 60 8 94 77 
8 5 72 49 47 

30 8 51 59 45 
43 67 77 37 64 
88 39 92 12 47 
82 74 7 77 22 
14 17 31 17 71 
83 53 40 47 4 
50 54 29 29 35 
40 44 36 24 33 
68 76 73 37 32 
80 62 64 46 76 
79 33 11 50 22 
87 10 35 43 33 
94 73 8 93 29 
96 78 48 100 34 
6 55 71 41 45 
1 86 71 56 25 
27 14 24 90 50 
94 77 89 49 81 
72 54 10 90 73 
9 7 94 52 50 

30 10 49 67 36 
46 77 62 50 69 
95 36 84 14 42 
80 69 8 103 16 
12 24 24 20 76 
88 55 50 50 3 
49 53 34 30 28 
26 48 33 20 29 
72 67 97 37 22 
90 60 58 44 100 
79 37 16 53 16 
88 9 23 43 24 
86 75 9 86 31 
92 106 61 103 39 
6 70 72 47 51 
1 102 68 64 28 
34 8 18 74 53 
86 73 88 42 80 
72 55 6 93 73 
8 8 82 52 49 

27 9 50 53 45 
46 78 73 37 63 
114 39 96 10 48 
82 64 7 75 24 
12 21 28 22 71 
67 53 51 53 6 
52 74 32 30 27 
34 46 35 18 41 
91 89 84 40 28 
69 60 61 46 91 
71 36 13 61 19 
85 12 32 41 29 
91 68 9 88 31 
107 86 55 95 41 
6 55 74 50 47 
2 91 70 67 23 
35 11 19 95 54 
97 72 100 54 76 
60 45 10 91 59 
11 4 88 47 44 

29 10 47 59 47 
48 67 70 60 67 
83 41 85 15 42 
79 71 10 101 24 
12 22 23 22 72 
89 35 47 51 5 
46 64 31 29 30 
38 42 37 19 33 
51 78 86 40 26 
79 65 71 48 84 
69 35 14 56 21 
86 9 30 44 34 
86 67 12 90 32 
76 91 52 100 45 
6 58 63 42 53 
1 98 69 71 27 
40 13 24 87 58 
94 75 79 55 85 
69 48 11 84 66 
8 6 77 52 39 

23 9 54 78 37 
39 74 63 38 82 
100 41 89 11 43 
89 68 7 95 22 
16 18 28 17 76 
84 59 49 50 3 
42 58 32 26 23 
25 42 26 12 37 
72 67 84 36 28 
90 62 61 46 97 
76 34 7 50 18 
78 10 26 40 29 
89 84 9 91 31 
118 110 58 100 48 
6 65 68 51 53 
2 91 72 61 21 
34 14 22 89 54 
76 75 75 55 83 
64 49 11 86 73 
15 6 83 41 45 

28 8 49 60 39 
41 72 64 51 76 
93 39 90 10 46 
82 72 7 77 24 
16 25 25 22 66 
96 59 50 46 3 
38 59 30 30 27 
25 42 29 23 38 
72 80 91 39 22 
84 64 61 47 88 
77 36 4 56 21 
88 13 31 45 28 
81 77 8 86 33 
103 86 32 92 49 
4 58 74 48 64 
2 101 69 58 29 
39 13 23 95 54 
101 67 86 37 78 
71 45 13 93 79 
13 6 72 51 40 

30 7 52 71 41 
44 77 54 44 71 
90 38 92 11 40 
81 73 10 87 21 
15 18 24 18 66 
67 46 48 46 9 
53 69 32 30 32 
30 48 31 12 42 
71 78 93 39 30 
89 57 69 45 84 
80 34 17 54 19 
83 11 27 47 29 
75 80 10 86 36 
102 110 31 100 48 
6 67 71 40 53 
1 122 70 66 23 
33 9 18 90 61 
82 71 94 39 78 
64 56 14 92 82 
7 8 81 49 47 

32 8 49 56 39 
41 68 69 48 77 
83 40 89 10 40 
78 55 8 78 26 
14 20 32 24 72 
86 50 44 48 5 
38 61 31 33 31 
32 44 35 18 38 
70 72 85 36 30 
86 56 69 45 90 
83 34 11 55 21 
92 12 32 46 30 
86 76 10 92 32 
85 88 49 94 37 
6 52 68 53 46 
1 110 72 61 28 
38 11 24 83 52 
75 70 82 44 74 
67 55 10 84 63 
19 6 74 55 48 

32 8 49 64 45 
51 73 75 40 67 
92 41 92 12 44 
76 72 11 82 22 
14 18 14 17 73 
75 51 48 47 9 
48 50 32 29 37 
33 49 25 19 38 
70 78 91 40 26 
91 62 73 42 99 
80 39 12 67 25 
93 11 29 46 31 
84 69 9 88 33 
93 90 53 108 48 
5 59 72 45 38 
1 92 82 67 21 
36 12 26 85 56 
93 73 98 51 79 
60 60 8 83 83 
12 7 57 63 46 

27 9 48 74 35 
37 71 52 50 62 
86 41 82 14 48 
78 74 10 75 22 
17 21 18 19 50 
62 46 47 41 7 
43 53 29 32 29 
33 45 34 17 33 
76 76 99 40 25 
80 66 60 47 108 
81 36 9 60 19 
89 10 24 44 25 
79 75 11 88 30 
97 101 43 92 41 
5 62 67 53 55 
1 103 67 63 29 
38 17 18 81 56 
98 71 99 50 84 
72 48 9 88 72 
11 6 82 56 40 

35 6 49 70 51 
37 74 64 46 71 
86 43 83 10 41 
83 78 9 89 18 
14 20 21 18 81 
79 55 42 51 3 
46 59 29 33 18 
23 44 36 20 27 
75 73 76 40 30 
89 59 65 47 88 
80 31 7 58 21 
86 11 28 44 31 
89 76 10 86 29 
88 103 57 90 41 
6 47 69 45 52 
1 90 73 63 31 
33 13 20 92 55 
74 80 92 43 78 
71 46 7 87 72 
12 6 82 61 48 

31 7 42 68 38 
39 74 54 55 74 
88 48 82 10 46 
71 64 9 87 20 
16 21 20 25 80 
71 46 50 45 6 
46 53 32 27 29 
39 49 32 21 41 
83 74 92 43 29 
77 63 64 51 86 
77 32 12 55 22 
90 12 30 50 34 
77 74 9 88 34 
98 92 51 99 38 
6 68 69 44 47 
2 85 73 62 16 
31 11 23 74 53 
84 70 92 43 81 
74 41 12 91 78 
15 2 88 37 43 

28 11 49 65 46 
38 75 63 44 77 
95 43 90 10 46 
87 81 11 98 20 
15 21 23 17 72 
76 47 44 43 7 
46 65 30 27 36 
31 48 31 17 30 
81 70 94 40 22 
89 61 67 51 81 
81 35 8 63 24 
86 9 28 50 28 
86 72 9 90 28 
94 100 52 102 36 
5 62 75 46 43 
1 89 73 67 28 
33 12 17 90 52 
87 82 91 44 81 
78 53 8 90 69 
8 9 65 60 33 

25 10 48 63 40 
45 80 68 51 59 
98 42 93 13 53 
82 74 7 83 21 
13 22 25 19 72 
70 42 46 44 7 
44 44 30 28 29 
27 49 32 17 38 
83 73 85 34 20 
90 67 62 46 76 
74 34 8 45 17 
96 10 28 50 27 
74 85 11 88 31 
96 106 43 101 45 
5 62 67 52 53 
1 97 85 72 25 
35 13 17 87 58 
74 74 90 51 72 
63 54 12 90 66 
11 9 84 45 46 

27 8 53 65 39 
42 71 58 58 78 
77 37 90 8 35 
83 74 13 90 28 
13 21 26 20 61 
79 47 43 51 3 
39 60 32 31 31 
35 49 33 20 35 
70 71 85 42 24 
77 61 64 46 102 
87 31 14 56 20 
94 9 25 47 26 
81 80 9 90 31 
87 90 59 93 45 
6 65 67 52 58 
3 103 77 59 28 
40 10 24 82 52 
105 82 91 42 83 
71 47 10 85 83 
13 8 74 52 53 

30 6 46 65 42 
49 73 80 43 72 
79 33 88 14 46 
78 79 10 86 22 
13 23 21 21 61 
83 52 46 49 6 
55 64 31 32 27 
33 43 36 14 39 
64 78 90 37 32 
97 71 64 44 96 
76 39 9 57 18 
89 11 29 44 34 
76 78 9 85 30 
95 90 46 86 37 
6 63 65 49 64 
1 85 75 60 26 
32 11 18 96 58 
88 69 103 43 76 
69 45 13 88 83 
10 8 80 48 35 

34 8 52 71 44 
46 75 69 32 74 
90 40 87 8 37 
76 67 7 81 19 
13 20 33 20 72 
101 48 50 46 6 
35 55 30 32 29 
26 47 33 16 27 
81 80 92 34 27 
80 64 62 48 88 
78 29 10 70 17 
91 11 20 44 36 
87 71 10 88 34 
94 117 51 90 50 
5 68 74 50 56 
1 90 77 64 20 
33 20 18 94 53 
88 76 88 43 75 
67 43 7 94 88 
13 7 64 46 44 

26 9 48 66 37 
53 65 54 45 68 
102 39 80 11 41 
89 81 10 92 22 
17 21 24 16 65 
70 45 45 43 4 
43 58 31 32 36 
36 41 26 17 36 
78 75 87 37 26 
97 64 55 43 80 
77 36 12 53 20 
90 11 21 43 31 
85 72 9 88 29 
87 104 61 102 35 
5 55 70 48 47 
2 108 74 55 19 
34 11 19 92 54 
89 72 86 47 78 
62 50 15 88 83 
9 7 76 51 46 

24 9 47 56 42 
41 77 64 44 76 
81 39 93 11 58 
81 61 5 106 22 
18 18 30 22 72 
85 51 42 46 6 
39 60 34 26 21 
36 49 33 14 38 
77 77 93 32 29 
89 60 65 43 88 
82 31 9 52 21 
90 9 34 46 31 
79 74 9 88 30 
89 87 53 101 43 
4 56 74 47 60 
4 97 78 69 29 
41 10 18 84 54 
87 73 83 42 75 
68 58 9 95 74 
16 5 73 47 47 

28 9 48 53 39 
39 76 77 39 63 
82 37 87 12 41 
73 59 9 91 22 
12 24 28 18 76 
75 41 49 45 5 
39 75 32 33 33 
28 45 31 18 38 
65 84 85 43 25 
66 56 67 44 66 
73 37 13 57 26 
91 8 36 45 32 
86 69 9 88 33 
87 87 49 97 43 
6 64 69 43 40 
3 109 82 67 27 
38 17 18 87 53 
83 70 98 44 75 
71 56 8 80 72 
15 7 83 55 40 

35 8 47 56 42 
35 75 78 33 66 
83 38 89 11 40 
86 82 11 81 19 
11 21 24 19 76 
86 41 52 49 3 
44 60 31 31 33 
31 41 25 19 37 
67 79 99 38 23 
67 60 59 46 74 
79 33 7 55 22 
96 11 20 47 31 
85 69 10 89 36 
112 88 63 97 51 
6 60 67 56 56 
1 90 78 70 20 
35 15 22 91 54 
89 78 92 50 78 
70 51 10 88 77 
10 7 72 61 45 

30 10 45 55 42 
39 75 73 43 70 
73 39 88 12 39 
73 72 12 77 21 
9 20 30 26 65 
86 62 43 44 7 
40 51 30 28 34 
36 48 24 15 42 
84 67 92 49 28 
90 60 64 46 94 
84 32 10 59 18 
86 9 18 44 31 
82 76 10 89 29 
90 102 55 98 50 
7 59 76 51 50 
2 83 63 61 28 
39 15 19 83 56 
79 74 79 60 81 
65 55 11 87 76 
11 10 78 58 52 

27 7 45 68 44 
39 73 57 47 84 
81 37 93 13 42 
78 67 9 93 23 
14 21 26 20 79 
89 46 53 50 2 
38 78 31 33 33 
29 47 29 22 35 
80 69 86 37 25 
81 61 62 44 85 
73 38 7 55 17 
92 10 25 49 28 
91 66 10 95 35 
91 91 61 98 37 
6 71 69 43 52 
1 91 67 57 27 
40 16 19 99 55 
65 83 85 52 82 
74 54 13 87 80 
10 5 80 58 51 

30 9 50 49 40 
36 71 68 41 80 
101 39 88 12 46 
85 67 7 81 24 
15 19 36 17 73 
66 54 42 46 9 
46 65 32 25 28 
33 44 29 9 30 
77 74 79 44 34 
94 56 69 47 88 
73 36 17 53 19 
89 10 36 44 34 
90 68 11 94 38 
85 97 53 95 43 
4 75 65 61 54 
1 101 62 69 23 
37 11 21 94 55 
86 73 91 41 77 
63 60 8 93 74 
9 9 77 58 51 

30 8 47 62 48 
43 76 67 47 68 
84 40 85 10 43 
82 77 8 80 19 
12 22 29 20 66 
98 53 48 44 7 
44 64 34 30 35 
25 49 41 19 23 
90 72 75 42 20 
71 55 73 46 96 
76 35 7 50 23 
90 12 36 41 34 
78 71 10 87 33 
86 108 57 91 50 
6 74 75 46 47 
1 93 72 62 24 
38 11 18 81 56 
89 79 70 51 75 
65 59 11 100 76 
9 7 82 57 46 

29 9 53 59 48 
48 77 67 33 79 
83 46 94 18 36 
75 72 2 84 22 
11 19 26 22 58 
79 47 42 43 6 
50 56 32 30 28 
30 49 39 21 40 
83 76 90 39 29 
80 66 66 52 84 
75 33 10 70 21 
90 12 30 48 27 
83 71 10 87 40 
97 96 52 108 44 
5 58 73 50 46 
2 97 80 61 24 
38 15 18 90 57 
90 74 80 57 77 
69 50 9 86 66 
17 8 76 39 50 

29 11 46 64 41 
42 75 58 37 72 
97 35 85 10 52 
78 79 7 89 20 
20 24 23 19 69 
74 51 42 45 4 
56 64 33 32 27 
25 42 24 20 35 
85 75 76 39 24 
82 58 57 45 81 
76 35 3 67 22 
86 9 35 48 26 
85 81 9 88 28 
89 100 60 107 41 
6 66 65 45 53 
1 85 76 60 24 
41 5 24 94 53 
93 76 99 53 78 
72 59 6 85 73 
11 5 77 49 45 

35 8 49 57 45 
49 79 60 48 62 
93 43 92 10 42 
92 61 4 90 20 
16 25 23 19 74 
83 39 49 46 7 
40 71 33 36 25 
28 40 33 23 31 
73 64 87 34 26 
83 67 61 46 85 
76 34 7 52 20 
94 12 28 48 27 
87 78 8 89 33 
86 103 56 91 41 
6 66 64 48 63 
1 85 59 66 19 
33 16 20 98 55 
98 70 89 57 83 
61 52 10 89 71 
12 7 84 53 28 

23 8 41 60 39 
40 75 77 46 61 
82 41 91 12 38 
73 72 8 76 22 
15 22 25 21 65 
84 45 51 41 7 
52 68 28 30 22 
31 48 27 15 25 
77 71 83 44 21 
89 64 66 44 89 
70 35 4 47 22 
80 10 27 41 28 
77 72 8 88 33 
89 112 56 94 39 
5 57 72 53 56 
1 109 78 69 23 
36 12 24 84 52 
101 76 81 33 83 
69 51 11 89 71 
14 7 80 52 38 

29 8 40 65 52 
38 77 62 40 72 
82 41 94 9 52 
93 68 11 77 24 
17 23 29 22 75 
72 41 43 45 5 
37 60 29 27 34 
25 45 36 16 45 
82 67 90 42 26 
76 54 67 43 85 
75 39 8 57 18 
98 10 24 41 32 
89 62 8 90 28 
99 107 45 106 46 
6 46 70 39 50 
3 84 72 53 24 
28 13 19 88 54 
92 75 96 48 81 
67 53 8 88 76 
11 9 71 57 45 

27 8 46 70 49 
43 71 74 32 69 
102 37 97 10 44 
70 58 12 88 21 
14 21 39 26 70 
81 52 50 48 6 
44 58 30 28 31 
31 42 31 16 36 
72 70 92 42 21 
89 56 65 51 84 
75 31 7 52 23 
92 10 25 46 31 
78 74 9 86 30 
96 104 64 84 34 
4 50 70 42 61 
1 92 87 68 29 
35 14 24 87 53 
80 73 88 49 75 
66 50 10 84 83 
12 6 65 52 47 

26 6 47 55 40 
34 72 62 45 69 
85 38 90 13 44 
89 73 12 90 22 
16 23 25 20 65 
80 45 47 42 8 
50 53 33 30 23 
32 44 37 17 28 
89 70 78 43 27 
91 67 60 42 100 
79 36 10 52 23 
83 10 30 41 26 
81 73 9 86 33 
88 92 52 91 42 
6 66 74 57 67 
2 96 78 61 21 
37 10 24 83 51 
84 79 86 33 87 
68 51 10 86 67 
7 8 82 45 47 

23 10 43 65 46 
46 74 69 57 78 
89 38 89 11 43 
83 70 9 81 19 
17 24 26 22 64 
82 56 56 46 4 
44 63 31 27 21 
30 52 29 14 36 
62 70 86 44 31 
84 69 67 44 82 
73 38 9 65 19 
93 10 36 43 24 
79 71 9 87 32 
88 93 43 86 46 
6 62 67 38 62 
2 104 68 67 29 
30 13 21 91 54 
79 73 91 38 82 
70 53 10 93 66 
16 8 78 59 42 

29 10 56 69 43 
37 76 75 44 76 
97 37 90 11 36 
84 65 6 107 18 
13 23 23 19 89 
72 57 51 41 6 
43 63 32 34 27 
35 51 29 23 24 
64 73 77 36 30 
88 63 63 42 96 
86 35 7 49 17 
94 10 16 46 30 
81 67 10 87 34 
86 91 45 103 42 
4 66 65 49 41 
1 90 75 71 33 
41 10 20 86 53 
84 82 83 49 84 
70 56 10 79 68 
12 9 81 49 39 

24 7 49 65 41 
41 73 58 52 63 
92 39 97 16 42 
84 75 8 85 21 
12 26 25 20 68 
80 41 52 46 7 
37 68 31 31 33 
35 47 33 20 34 
77 73 94 43 29 
68 58 70 48 77 
76 34 5 52 17 
99 10 24 44 31 
74 69 9 89 31 
79 96 66 104 40 
6 53 67 56 50 
3 97 66 68 19 
38 14 25 83 56 
87 67 75 41 76 
61 48 8 82 82 
9 6 76 54 41 

33 9 50 55 43 
44 79 76 45 69 
103 33 85 12 49 
80 47 9 84 24 
10 20 22 21 72 
65 57 42 53 5 
47 64 31 31 30 
28 49 34 23 44 
67 78 95 44 26 
92 61 64 48 101 
79 34 11 67 20 
85 10 22 47 28 
93 68 10 90 33 
95 114 46 101 42 
5 59 67 56 45 
1 97 79 62 25 
36 11 16 86 55 
88 73 92 50 80 
56 44 10 89 65 
13 5 71 43 39 

29 10 46 68 43 
39 74 61 52 68 
80 31 97 11 30 
71 68 7 80 24 
16 24 28 18 64 
86 40 46 37 6 
63 39 29 30 26 
32 41 36 21 34 
86 85 87 42 28 
74 56 63 48 92 
82 36 11 63 20 
81 9 31 51 29 
87 69 9 91 30 
91 107 49 86 39 
5 66 72 44 53 
2 94 83 60 17 
40 9 16 82 56 
79 74 96 44 78 
70 47 11 96 67 
11 8 81 68 43 

23 11 44 64 53 
47 70 66 42 75 
99 36 92 9 37 
81 69 9 80 18 
12 24 23 16 74 
79 52 45 53 7 
42 52 33 30 30 
26 46 24 17 40 
66 78 91 41 20 
89 61 67 49 78 
80 33 13 48 26 
102 10 22 43 30 
78 78 8 91 32 
93 94 53 92 39 
7 55 67 47 51 
3 94 74 60 25 
32 7 22 90 56 
86 75 73 58 76 
76 58 9 94 75 
14 6 79 60 49 

31 8 50 63 48 
46 77 71 47 75 
92 37 87 13 51 
80 69 8 85 27 
13 21 31 20 60 
90 50 50 53 7 
51 64 33 30 36 
33 45 37 16 33 
87 88 83 35 27 
82 69 63 49 89 
89 35 13 54 21 
87 10 28 53 35 
86 73 11 88 33 
92 111 63 106 46 
5 51 69 38 56 
1 80 64 71 31 
34 12 17 87 56 
79 67 85 50 75 
71 40 9 83 64 
16 6 70 40 51 

24 10 50 74 47 
47 80 81 50 78 
93 37 91 8 39 
73 75 11 82 21 
14 21 23 21 76 
83 40 44 55 11 
39 59 34 33 24 
33 48 32 21 32 
87 77 80 41 26 
78 65 58 46 80 
74 36 10 62 20 
89 11 30 50 30 
80 64 11 92 36 
87 108 51 101 41 
5 51 72 45 40 
2 79 72 75 24 
32 10 17 89 53 
91 71 95 45 83 
70 49 8 90 67 
18 4 83 40 47 

30 7 48 66 42 
36 78 72 40 80 
82 39 88 9 46 
85 75 7 86 24 
19 20 22 15 70 
72 58 49 45 7 
48 65 31 35 28 
29 47 26 14 37 
76 69 87 44 29 
75 65 61 46 86 
72 31 10 43 17 
86 9 31 49 31 
86 71 10 88 36 
88 107 59 89 36 
4 74 69 57 40 
4 98 72 73 28 
38 13 19 97 50 
83 80 91 40 84 
73 40 10 83 81 
13 6 64 51 48 

34 8 42 61 40 
45 75 66 51 75 
102 31 88 11 50 
79 59 11 91 23 
12 23 29 22 69 
76 40 51 44 5 
45 64 33 30 30 
28 46 30 17 45 
81 72 78 36 32 
99 63 64 47 94 
85 39 17 53 22 
94 12 37 41 29 
90 68 9 89 33 
94 107 49 93 46 
4 61 73 53 57 
3 86 81 61 14 
29 12 17 92 53 
91 70 90 36 78 
74 54 13 87 68 
12 7 71 55 43 

30 5 50 62 44 
39 75 68 52 72 
93 34 92 11 44 
73 76 6 88 16 
15 24 31 25 85 
85 54 49 49 6 
43 58 30 29 27 
31 43 37 18 51 
82 65 90 38 24 
83 57 64 41 84 
80 40 7 55 21 
88 10 24 44 29 
75 70 9 86 39 
107 95 47 87 52 
7 49 74 38 48 
4 94 75 62 22 
32 16 18 93 59 
71 78 92 47 75 
68 45 7 91 72 
18 8 75 61 41 

26 8 51 64 46 
47 70 72 51 58 
80 38 82 8 46 
81 74 4 93 22 
17 21 31 23 69 
89 49 53 48 10 
47 63 29 30 28 
33 45 34 18 40 
94 74 88 40 24 
85 62 66 47 95 
77 39 7 56 19 
91 10 23 43 27 
84 80 9 90 30 
88 108 46 88 50 
6 80 65 51 56 
2 99 65 55 28 
38 10 26 90 55 
106 75 95 46 76 
81 45 14 91 70 
7 6 80 46 46 

30 9 47 52 52 
42 72 63 53 73 
73 37 84 15 44 
77 69 8 77 23 
10 21 30 20 66 
93 60 45 49 8 
43 67 31 30 34 
34 45 25 21 41 
65 80 84 38 30 
78 54 71 49 85 
83 39 14 67 20 
91 10 32 50 35 
88 71 8 87 31 
84 96 49 98 35 
4 46 65 49 46 
1 88 70 63 18 
32 11 20 87 57 
90 69 89 52 77 
68 42 12 84 77 
10 6 70 52 44 

30 8 52 68 40 
50 73 76 31 78 
99 41 95 15 43 
85 73 8 90 15 
13 25 15 24 65 
82 54 47 42 5 
50 65 30 36 36 
28 44 25 22 44 
71 78 78 38 22 
94 60 66 47 77 
81 39 12 55 22 
87 11 30 48 27 
81 75 10 90 32 
102 91 48 107 43 
6 70 71 63 52 
4 87 62 63 17 
30 13 17 90 55 
62 82 93 41 83 
70 49 15 87 74 
19 5 79 57 39 

28 9 54 57 51 
39 76 67 45 81 
110 38 91 9 47 
77 72 7 88 22 
10 22 25 25 74 
90 40 48 47 2 
42 63 33 31 24 
31 46 33 13 38 
88 79 91 37 18 
82 64 68 51 98 
83 37 13 52 15 
87 10 33 45 30 
94 66 11 90 34 
91 101 52 94 47 
5 57 68 53 51 
2 102 84 68 25 
39 9 16 85 54 
93 62 85 39 79 
75 52 10 94 76 
20 7 77 66 41 

31 9 42 53 47 
38 78 73 39 79 
88 38 97 10 51 
79 66 8 87 21 
13 21 25 23 79 
74 52 47 52 6 
39 65 30 34 29 
29 47 32 20 44 
80 86 81 43 22 
90 57 64 48 81 
77 36 11 57 20 
92 10 29 48 30 
87 65 9 86 31 
107 96 41 100 52 
7 55 67 45 56 
1 94 77 64 20 
32 7 20 80 52 
73 72 80 45 82 
69 52 11 93 80 
15 6 79 49 42 

26 9 49 55 43 
41 78 66 39 74 
103 37 97 15 43 
75 66 6 75 28 
14 18 15 22 77 
75 54 51 52 4 
45 63 35 30 24 
29 49 34 18 30 
88 73 92 48 24 
79 70 68 46 87 
76 31 13 56 18 
89 11 20 49 29 
75 65 9 89 37 
97 103 45 109 39 
5 58 65 42 56 
2 94 79 61 28 
32 11 17 100 55 
89 73 95 59 76 
67 52 11 97 63 
3 9 81 45 47 

28 8 51 60 44 
51 80 73 46 76 
74 43 89 9 43 
86 68 12 83 19 
14 22 32 20 72 
85 42 44 46 7 
48 66 32 32 28 
37 50 28 19 35 
65 75 87 45 25 
93 59 66 50 85 
71 38 14 64 20 
91 11 16 49 33 
86 67 9 87 31 
104 84 47 106 39 
5 48 67 51 52 
1 86 78 62 27 
44 12 22 86 54 
100 75 91 40 78 
67 52 13 88 66 
17 4 90 62 53 

24 9 41 74 42 
47 78 69 39 71 
95 38 89 14 54 
79 89 10 89 16 
16 20 12 14 79 
82 47 47 47 6 
49 66 30 29 31 
31 41 31 14 40 
75 80 88 36 27 
93 62 57 47 72 
77 32 11 59 23 
85 12 32 47 30 
82 74 9 88 39 
100 86 65 108 40 
6 56 65 49 49 
2 87 91 61 23 
35 10 17 96 52 
91 76 93 42 78 
76 49 11 84 73 
12 7 69 48 37 

30 9 50 46 42 
48 74 60 38 72 
80 39 87 13 36 
83 69 10 85 18 
15 23 26 20 67 
90 44 44 41 2 
40 69 33 28 21 
28 47 31 11 42 
82 80 93 37 20 
82 56 64 43 100 
81 34 10 57 18 
79 11 27 47 31 
76 74 12 79 34 
78 92 52 107 40 
5 68 73 42 59 
1 83 65 59 25 
28 16 22 92 57 
68 80 91 42 79 
70 48 13 85 84 
15 6 86 54 41 

30 12 51 64 40 
38 74 76 53 74 
98 41 88 9 41 
80 65 10 92 25 
11 23 25 15 74 
85 42 44 45 12 
57 48 33 28 26 
33 44 34 15 40 
77 73 82 42 27 
86 57 68 45 83 
77 33 11 58 23 
91 11 30 44 29 
85 87 9 87 34 
91 95 50 104 40 
7 49 70 60 44 
1 92 68 68 17 
45 13 16 84 57 
91 69 75 41 75 
70 53 8 86 66 
16 8 73 42 47 

24 13 49 60 51 
36 69 66 53 73 
97 40 87 13 47 
81 82 6 87 23 
11 21 23 22 76 
81 65 44 44 7 
59 53 31 33 21 
26 49 30 20 29 
82 71 75 38 19 
82 59 64 49 102 
78 40 11 55 21 
93 10 33 42 27 
83 69 10 84 29 
107 113 47 93 45 
7 77 69 54 39 
1 96 69 69 23 
39 7 24 85 57 
91 70 82 41 75 
73 54 8 89 68 
11 7 75 58 49 

24 7 48 64 47 
43 79 75 38 74 
91 40 97 10 45 
89 79 7 86 20 
13 20 27 21 70 
87 46 48 49 10 
52 63 33 34 36 
33 47 37 22 36 
78 75 73 41 30 
74 60 69 47 89 
79 36 14 65 23 
94 11 31 42 29 
90 76 9 85 36 
90 99 66 99 40 
5 60 68 45 50 
1 97 77 55 26 
32 13 22 99 53 
101 66 92 49 84 
74 42 6 91 73 
11 8 64 56 48 

30 8 49 61 50 
49 76 68 51 71 
96 37 84 18 52 
81 79 10 84 21 
13 23 25 17 74 
73 55 44 47 3 
47 62 33 26 24 
32 43 38 10 41 
67 78 85 37 20 
76 68 60 51 91 
76 38 14 62 18 
91 9 39 46 29 
90 75 10 87 33 
106 105 56 100 49 
4 62 69 50 49 
1 101 76 62 28 
37 14 19 96 52 
94 79 88 52 80 
72 58 7 88 75 
8 6 86 55 44 

32 10 47 63 42 
48 75 71 43 72 
94 39 85 12 32 
78 70 3 84 19 
10 22 31 16 82 
97 58 48 50 4 
43 73 29 32 22 
32 43 31 24 39 
65 74 100 39 32 
87 54 58 48 105 
73 32 10 48 19 
94 9 26 49 28 
83 80 9 90 32 
98 111 41 96 41 
5 55 64 47 52 
3 81 77 61 27 
41 11 20 98 52 
75 77 90 55 80 
64 47 10 89 64 
15 4 59 58 51 

25 7 44 51 47 
39 80 63 41 67 
89 31 94 11 48 
73 66 10 79 16 
13 17 30 20 66 
90 42 45 45 5 
43 73 32 38 27 
37 41 34 23 42 
90 69 73 51 28 
78 64 61 42 72 
78 38 8 56 22 
86 11 18 46 25 
79 66 8 89 35 
103 101 47 97 42 
7 66 65 43 49 
3 99 71 66 30 
39 16 18 84 53 
101 69 88 48 79 
72 38 10 98 81 
18 6 84 48 53 

30 9 47 58 46 
41 77 72 41 79 
86 37 93 13 53 
83 76 10 94 21 
13 22 22 21 72 
107 52 48 46 8 
49 62 31 29 32 
28 47 30 22 29 
82 76 87 39 28 
72 57 63 46 87 
75 33 8 54 16 
89 12 13 52 31 
90 80 11 86 29 
95 88 48 100 48 
3 55 72 51 61 
3 83 75 72 28 
34 15 19 93 54 
97 72 77 42 76 
62 43 10 87 80 
7 5 74 48 44 

23 10 49 57 45 
36 76 71 44 68 
89 37 86 9 37 
90 69 11 84 21 
16 22 27 15 70 
65 53 49 47 7 
44 59 30 39 30 
27 47 34 18 50 
73 76 79 38 29 
84 58 56 43 78 
82 35 10 55 21 
83 10 27 44 33 
84 76 12 88 35 
100 91 59 106 44 
6 56 72 53 49 
3 98 55 68 21 
37 14 18 97 58 
97 72 90 52 75 
69 59 6 89 79 
14 5 89 48 49 

32 9 53 65 42 
43 75 85 46 70 
75 42 91 10 44 
76 64 11 76 19 
14 23 21 23 77 
91 57 40 49 7 
42 55 32 33 33 
35 45 33 23 36 
79 75 81 40 32 
90 59 62 48 92 
81 27 7 59 21 
91 10 27 45 31 
85 68 6 85 36 
88 101 55 93 48 
5 50 68 53 60 
2 101 65 65 19 
43 14 18 100 58 
63 76 95 47 80 
75 54 13 89 73 
13 6 71 64 36 

23 7 56 67 47 
39 74 73 48 70 
84 37 98 11 36 
82 70 13 94 25 
14 22 24 23 72 
93 46 48 40 5 
39 57 34 29 21 
32 40 31 24 35 
65 75 90 39 24 
80 64 61 48 85 
82 36 12 56 17 
85 11 28 43 28 
87 79 9 90 30 
94 95 61 108 47 
6 64 68 44 61 
1 84 70 70 25 
35 16 23 79 54 
93 76 85 48 83 
69 45 8 81 72 
14 7 81 55 47 

29 10 51 60 42 
40 72 77 52 83 
100 37 90 12 40 
80 69 9 67 19 
14 23 20 21 75 
72 54 52 52 3 
53 56 33 29 33 
36 44 34 21 36 
86 70 85 39 21 
88 59 61 50 82 
75 40 12 66 20 
96 10 32 50 31 
78 77 11 88 33 
109 98 52 90 45 
7 52 73 52 51 
1 85 73 68 25 
34 15 20 89 56 
76 77 86 45 79 
65 58 13 84 73 
13 5 84 52 46 

32 10 44 55 42 
40 76 70 46 83 
81 43 83 10 39 
83 67 10 90 23 
16 25 28 22 67 
68 56 47 46 5 
55 61 31 29 40 
37 46 32 17 18 
83 77 80 41 30 
68 56 58 46 80 
90 34 10 51 21 
94 9 24 42 26 
79 76 10 88 34 
94 81 57 95 45 
4 60 67 51 53 
3 90 74 61 26 
27 11 21 86 52 
91 73 77 45 76 
63 45 13 89 75 
10 8 80 46 55 

30 10 56 50 40 
40 75 60 47 71 
95 37 92 14 29 
75 58 9 87 24 
13 19 19 20 66 
89 58 49 44 5 
52 60 30 30 18 
33 47 33 20 27 
64 70 83 42 24 
79 66 64 41 114 
85 36 10 64 21 
82 12 22 46 30 
85 79 10 87 29 
96 93 55 99 41 
6 69 67 45 64 
2 94 75 63 21 
38 12 18 86 53 
88 79 91 42 79 
73 57 9 88 75 
10 9 67 55 41 

31 10 44 63 51 
43 80 83 50 73 
102 42 89 13 41 
80 66 10 88 27 
14 23 26 22 74 
91 51 45 41 7 
37 71 33 32 26 
30 43 29 17 30 
82 75 78 41 21 
88 62 66 50 76 
72 35 16 44 18 
85 11 31 44 29 
94 71 8 93 32 
104 95 41 87 40 
6 52 72 44 52 
3 93 82 69 18 
39 13 29 89 54 
83 79 90 48 81 
74 48 10 81 83 
13 7 76 51 56 

27 6 48 64 48 
52 74 70 48 67 
89 39 87 10 44 
86 75 12 91 24 
19 18 20 19 77 
81 56 43 47 6 
42 69 32 35 33 
32 47 35 19 36 
82 68 93 38 22 
95 57 64 45 100 
77 39 10 55 20 
92 8 28 47 28 
86 73 9 86 29 
104 111 54 98 39 
5 70 70 49 44 
3 95 60 63 29 
39 10 26 92 52 
89 65 87 38 84 
72 43 11 79 74 
9 5 75 44 41 

29 7 56 60 49 
43 75 67 47 76 
87 34 96 12 46 
83 55 9 95 19 
14 19 26 23 74 
78 49 48 45 7 
39 47 28 29 28 
36 45 25 15 30 
80 83 91 35 25 
80 57 66 49 101 
71 33 8 54 17 
93 11 25 44 30 
88 75 8 91 33 
101 95 56 88 43 
5 56 68 45 54 
1 87 74 62 26 
38 14 18 92 53 
92 78 87 49 76 
67 57 16 91 65 
7 4 72 55 38 

28 9 48 51 50 
40 74 73 40 67 
92 37 91 10 54 
81 76 7 78 23 
12 21 18 24 66 
72 54 52 46 7 
45 61 36 25 34 
35 45 30 23 39 
68 73 93 44 22 
93 54 57 50 83 
79 36 12 48 23 
88 12 29 46 27 
84 77 10 90 30 
96 101 60 98 45 
6 54 62 55 56 
1 93 71 70 22 
45 10 20 84 57 
88 78 97 50 78 
69 49 12 85 73 
9 6 83 51 43 

31 8 49 51 47 
41 78 75 44 77 
88 40 94 16 44 
81 65 6 79 22 
15 20 20 20 72 
71 47 51 42 6 
47 59 29 33 27 
28 49 33 22 38 
73 70 76 43 23 
87 54 61 45 102 
78 39 12 49 21 
92 9 28 43 29 
85 75 9 93 29 
86 98 50 95 30 
4 61 71 46 51 
2 87 75 63 19 
32 12 19 83 53 
79 67 92 43 88 
69 50 12 84 78 
2 8 75 50 53 

26 9 48 60 39 
42 76 71 47 64 
89 39 90 10 48 
84 69 6 88 18 
9 21 24 25 80 
92 45 48 45 3 
36 56 30 38 28 
33 49 33 14 40 
73 75 81 40 27 
85 57 66 51 86 
70 33 8 45 22 
87 9 25 46 32 
82 72 11 84 36 
90 84 66 100 42 
5 71 76 50 56 
4 96 65 67 23 
41 14 20 85 51 
81 83 88 49 83 
72 49 11 82 72 
10 7 67 56 53 

28 10 49 51 51 
41 75 61 49 69 
83 39 100 12 40 
78 65 9 88 18 
9 19 32 23 71 
81 53 40 45 8 
49 61 33 35 28 
38 45 29 18 41 
81 78 79 43 24 
94 61 64 48 93 
78 34 12 63 26 
91 12 18 44 35 
81 77 10 90 29 
94 97 42 106 37 
5 60 67 45 58 
2 92 78 64 21 
43 13 29 83 55 
73 72 82 56 85 
69 55 12 89 74 
16 7 67 57 43 

27 7 46 67 35 
39 75 69 57 61 
104 40 90 12 42 
78 70 14 86 26 
14 23 23 22 80 
74 59 50 47 3 
36 70 32 26 38 
31 47 33 19 23 
90 73 76 44 25 
75 63 68 48 99 
75 36 7 54 22 
93 9 25 47 29 
80 80 10 88 33 
93 110 50 101 41 
7 64 69 43 49 
2 88 70 64 24 
29 13 16 92 60 
85 82 88 44 77 
72 50 11 88 64 
10 7 75 47 46 

30 9 47 68 38 
40 80 74 33 75 
88 38 86 12 46 
81 81 5 97 19 
17 22 24 16 80 
89 53 45 50 7 
45 64 29 35 26 
29 44 25 19 50 
63 67 73 40 30 
87 54 66 47 90 
77 36 12 55 19 
83 12 26 50 28 
85 73 11 90 32 
96 91 34 102 47 
5 55 72 47 51 
3 96 68 74 21 
34 11 20 90 55 
95 78 83 60 83 
64 54 6 93 77 
2 6 74 50 44 

27 9 46 49 45 
42 74 57 43 63 
94 33 98 10 43 
79 69 8 92 22 
16 21 22 23 68 
72 47 52 46 4 
52 53 30 34 33 
33 44 31 15 36 
67 73 103 42 30 
87 62 73 45 71 
70 31 8 59 22 
85 13 25 43 30 
91 72 10 89 33 
90 96 60 104 36 
6 54 64 50 54 
3 88 66 71 25 
35 13 22 84 55 
77 68 79 41 76 
67 45 11 98 74 
16 5 83 45 35 

30 9 45 58 46 
42 73 65 36 71 
101 39 89 11 51 
76 53 9 93 20 
15 20 27 21 82 
84 52 51 44 5 
49 64 31 34 22 
32 47 25 20 38 
79 75 89 35 33 
87 54 58 43 90 
76 35 15 62 22 
91 9 39 47 31 
89 81 10 89 30 
95 106 42 101 41 
4 62 74 48 50 
1 94 73 64 22 
31 9 22 92 52 
92 70 85 46 84 
66 46 7 92 72 
14 8 70 49 50 

30 8 49 67 41 
41 76 72 48 71 
81 37 93 12 44 
83 73 5 90 18 
17 17 14 18 69 
66 38 47 35 3 
52 71 31 30 28 
27 44 34 16 40 
63 80 86 41 30 
74 63 63 44 88 
76 41 13 59 19 
84 10 25 40 30 
91 69 10 89 32 
87 106 54 116 42 
6 77 74 52 64 
1 106 73 62 26 
36 15 22 90 58 
76 72 94 51 81 
77 39 14 80 69 
5 7 68 56 37 

31 7 51 67 40 
47 68 71 49 76 
87 33 90 12 43 
84 61 11 81 21 
19 23 28 17 70 
102 45 47 52 4 
44 54 32 36 26 
27 50 28 13 30 
63 75 90 45 25 
89 60 64 49 86 
70 34 9 66 24 
81 9 27 45 30 
81 68 11 83 29 
105 98 57 98 41 
6 50 71 54 59 
4 91 78 64 23 
42 14 27 93 54 
89 73 76 48 77 
65 45 9 87 80 
13 7 91 48 31 

29 8 47 67 45 
34 78 63 45 71 
97 35 94 14 40 
77 72 8 66 20 
13 19 27 17 64 
102 51 50 48 5 
46 61 32 32 37 
37 42 31 14 28 
63 84 83 37 28 
70 57 66 48 90 
73 33 12 58 23 
87 10 27 50 30 
80 63 9 90 31 
93 94 55 101 34 
7 68 65 61 55 
1 87 78 64 26 
37 5 20 79 56 
93 75 84 44 76 
69 51 18 91 75 
3 7 77 60 48 

27 7 48 70 47 
43 73 50 46 70 
84 41 94 6 46 
80 71 10 90 22 
10 20 29 18 59 
106 52 46 50 2 
44 53 33 33 25 
31 40 34 20 30 
76 79 83 41 32 
99 59 58 46 91 
77 38 3 49 19 
83 10 27 47 33 
80 72 10 88 31 
90 99 57 93 49 
4 65 72 56 50 
3 88 65 63 26 
39 6 21 82 49 
92 65 91 53 76 
65 57 15 83 81 
17 8 72 50 39 

29 10 52 66 48 
47 75 57 42 63 
112 36 93 11 43 
78 82 9 88 21 
14 23 20 18 82 
92 56 43 45 6 
57 57 31 27 36 
31 46 27 20 39 
80 72 72 38 25 
70 61 63 48 83 
81 39 8 65 23 
90 10 28 45 27 
89 77 10 88 30 
88 116 49 105 55 
6 65 67 43 48 
2 99 67 61 32 
39 12 20 86 57 
91 76 85 48 78 
71 52 8 85 78 
14 10 67 48 43 

19 11 50 57 41 
47 70 74 42 70 
87 37 79 15 46 
75 66 7 75 24 
11 22 23 20 63 
88 56 50 37 6 
46 45 28 28 32 
32 44 32 24 37 
75 84 86 37 18 
75 64 61 43 86 
75 37 13 55 22 
94 9 26 44 31 
92 65 9 90 32 
87 102 38 104 46 
5 44 67 52 35 
2 95 65 67 23 
34 14 19 85 58 
79 75 93 51 84 
69 56 11 88 72 
10 6 80 52 40 

32 9 46 60 44 
44 72 59 49 72 
82 42 86 8 46 
77 63 5 85 23 
12 18 24 21 79 
79 55 48 46 8 
51 57 31 26 32 
31 42 30 12 38 
71 82 96 41 27 
88 56 55 50 78 
82 33 7 65 22 
88 9 26 45 32 
86 74 11 89 33 
103 107 46 91 44 
5 60 69 62 60 
1 107 87 61 22 
38 15 22 91 52 
91 76 82 43 79 
62 45 12 88 72 
18 7 76 58 42 

25 9 48 57 47 
52 74 60 43 63 
98 40 93 13 46 
74 64 6 79 21 
15 23 16 21 65 
90 42 54 46 7 
46 59 31 23 27 
31 46 34 18 39 
92 76 85 34 29 
102 59 67 47 102 
78 28 16 51 21 
91 10 30 43 35 
81 73 11 92 29 
92 90 55 106 46 
6 48 68 46 50 
1 97 73 62 22 
34 12 22 90 58 
93 72 82 55 77 
67 45 13 91 67 
14 6 81 58 37 

30 9 52 57 51 
43 74 60 44 76 
100 35 87 8 52 
69 75 8 78 17 
11 22 28 18 70 
85 51 51 49 3 
39 54 33 33 27 
28 47 33 21 43 
72 70 92 36 29 
91 57 59 46 90 
80 39 11 57 22 
91 10 27 49 29 
93 74 10 88 29 
94 97 50 86 42 
5 50 68 53 74 
3 92 72 65 18 
35 11 22 92 57 
75 72 85 47 77 
69 46 8 88 75 
10 5 83 51 60 

31 10 51 51 35 
41 85 69 39 69 
88 40 95 10 39 
86 60 7 84 21 
13 20 34 17 63 
99 53 52 41 5 
43 63 36 32 33 
33 50 34 17 27 
60 73 85 40 25 
85 61 60 47 98 
80 34 11 52 24 
87 10 29 45 29 
80 71 9 88 34 
92 98 50 84 40 
5 57 68 52 53 
2 79 78 64 28 
39 20 22 90 53 
72 76 93 53 81 
68 52 13 88 70 
9 5 71 55 46 

31 12 50 56 42 
40 69 71 57 82 
89 37 85 13 50 
85 61 10 86 24 
16 24 24 21 67 
74 53 49 52 9 
39 54 31 39 33 
35 50 34 13 34 
70 72 81 43 26 
91 60 57 44 106 
77 37 8 60 18 
85 13 17 50 25 
77 69 9 89 31 
85 104 56 97 40 
7 55 69 49 47 
1 95 79 65 28 
39 13 19 83 57 
90 72 83 46 80 
68 58 11 91 75 
10 6 73 58 59 

Machines
1 2 3 4 5 
1 2 4 3 5 
2 1 3 5 4 
2 1 5 3 4 
3 2 1 4 5 
3 2 5 1 4 
2 1 3 4 5 
3 2 1 4 5 
1 4 3 2 5 
2 3 1 4 5 
2 4 1 5 3 
3 1 2 4 5 
1 3 2 4 5 
3 1 2 4 5 
1 2 5 3 4 
2 1 4 5 3 
1 3 2 4 5 
1 2 5 3 4 
2 3 1 4 5 
1 2 3 4 5 
