nb_jobs nb_machines nb_scenarios
20 5 10
Times
27 7 46 63 32 
37 82 68 48 67 
91 37 81 8 48 
85 74 8 82 24 
16 20 25 23 83 
86 59 43 47 6 
36 59 37 29 27 
26 43 31 26 36 
82 76 87 37 24 
84 59 69 46 99 
77 34 10 56 24 
85 10 31 42 22 
85 72 9 91 27 
103 98 49 88 35 
3 60 69 52 60 
1 106 75 62 26 
31 10 21 65 47 
90 72 78 56 78 
76 53 12 88 82 
12 5 71 55 44 

24 11 52 63 42 
45 73 66 42 65 
96 36 90 10 42 
84 74 9 85 21 
14 19 23 17 69 
83 59 49 38 7 
45 62 36 31 35 
30 50 32 16 34 
76 68 86 36 23 
76 60 69 46 95 
76 41 12 59 20 
96 12 20 49 30 
80 76 9 88 43 
93 94 59 108 44 
6 59 65 54 59 
1 101 71 60 20 
35 11 22 83 62 
83 80 94 41 81 
66 56 11 82 87 
10 6 72 55 41 

27 10 48 60 39 
43 80 63 40 67 
89 33 88 9 43 
81 66 9 85 20 
13 20 28 22 83 
79 62 47 39 6 
41 54 25 36 33 
32 47 26 15 31 
71 66 82 40 25 
86 63 65 47 93 
78 33 5 55 17 
88 10 23 41 28 
84 60 8 92 28 
91 95 47 102 46 
7 61 69 48 50 
1 93 64 69 26 
43 13 22 84 63 
86 71 84 53 76 
72 48 7 82 88 
12 6 67 44 49 

26 11 49 65 44 
46 71 65 47 75 
87 43 89 12 36 
80 68 8 97 19 
13 24 18 23 67 
79 45 48 42 7 
44 58 32 28 30 
31 45 41 19 36 
73 74 84 39 22 
84 64 60 48 89 
74 29 17 55 20 
85 11 31 38 30 
78 75 10 87 34 
93 92 52 91 43 
4 56 70 42 47 
2 95 67 66 23 
39 9 18 85 51 
80 77 93 42 77 
67 57 10 92 69 
15 5 70 45 48 

29 9 56 62 44 
46 78 69 44 72 
91 39 91 11 39 
80 76 10 86 21 
15 21 24 22 76 
92 60 47 48 7 
48 70 30 28 30 
30 50 40 20 33 
76 81 82 42 26 
76 57 55 50 86 
77 34 7 52 19 
90 12 22 48 37 
85 73 10 89 32 
94 101 54 91 41 
4 61 73 54 55 
1 95 72 59 25 
35 8 21 84 57 
81 75 87 45 76 
64 47 9 87 71 
14 7 76 51 46 

25 7 42 63 49 
32 60 67 50 69 
86 44 97 11 43 
76 70 10 85 25 
13 23 21 24 70 
93 50 51 41 2 
32 61 28 29 27 
30 46 32 18 35 
65 85 84 42 28 
81 62 66 48 88 
74 43 15 47 21 
97 13 29 44 30 
88 71 11 90 28 
91 103 58 104 36 
5 58 69 53 58 
2 95 66 62 19 
41 18 21 103 45 
99 76 96 50 74 
63 58 10 92 71 
14 6 74 46 42 

27 9 52 59 37 
47 76 66 46 68 
92 54 83 12 47 
78 78 8 85 25 
19 22 25 17 75 
89 54 48 43 4 
43 60 37 32 35 
29 41 35 22 31 
72 78 90 41 28 
89 61 56 42 94 
73 36 7 58 22 
89 11 27 44 29 
83 76 13 89 34 
95 100 45 110 44 
8 60 70 55 41 
2 97 68 59 27 
44 18 18 100 56 
80 71 91 51 80 
62 50 12 87 74 
16 7 75 59 43 

26 7 51 55 42 
34 82 71 44 81 
84 42 89 12 46 
84 76 7 73 23 
6 19 22 19 68 
88 38 49 50 4 
46 57 32 30 27 
30 45 33 17 34 
81 81 77 33 25 
87 63 65 52 91 
78 30 11 60 21 
88 11 18 45 39 
87 75 10 91 37 
100 104 61 96 41 
7 61 67 50 48 
1 89 67 50 28 
42 5 24 97 46 
95 79 84 49 77 
65 53 9 95 80 
11 7 73 53 45 

32 7 49 61 51 
47 85 69 44 73 
88 38 90 15 39 
78 81 7 76 23 
12 24 27 25 59 
99 45 44 50 7 
39 71 28 31 38 
29 47 30 19 34 
79 79 83 32 19 
71 58 65 48 87 
79 32 11 59 21 
88 9 27 42 37 
86 72 7 85 30 
90 99 51 115 36 
5 61 69 39 55 
1 95 68 71 29 
40 18 21 108 56 
83 76 91 47 81 
69 57 13 93 74 
10 6 81 40 42 

27 8 46 68 38 
49 76 68 48 75 
91 30 90 16 48 
80 70 8 86 22 
13 21 30 19 62 
89 44 50 46 5 
47 60 36 32 26 
30 46 20 23 38 
70 72 80 43 22 
85 59 56 45 88 
77 32 13 51 22 
93 10 29 47 33 
82 72 10 84 33 
100 114 49 101 46 
3 59 67 44 57 
1 85 66 65 24 
40 17 27 95 44 
90 75 92 43 72 
74 52 16 91 75 
13 9 85 54 45 

Machines
1 2 3 4 5 
1 2 4 3 5 
2 1 3 5 4 
2 1 5 3 4 
3 2 1 4 5 
3 2 5 1 4 
2 1 3 4 5 
3 2 1 4 5 
1 4 3 2 5 
2 3 1 4 5 
2 4 1 5 3 
3 1 2 4 5 
1 3 2 4 5 
3 1 2 4 5 
1 2 5 3 4 
2 1 4 5 3 
1 3 2 4 5 
1 2 5 3 4 
2 3 1 4 5 
1 2 3 4 5 
